  .100000000000e+01  .000000000000e+00  .000000000000e+00  .000000000000e+00
 -.100000000000e+01  .000000000000e+00  .000000000000e+00  .000000000000e+00
  .000000000000e+00  .100000000000e+01  .000000000000e+00  .000000000000e+00
  .000000000000e+00 -.100000000000e+01  .000000000000e+00  .000000000000e+00
  .000000000000e+00  .000000000000e+00  .100000000000e+01  .000000000000e+00
  .000000000000e+00  .000000000000e+00 -.100000000000e+01  .000000000000e+00
  .000000000000e+00  .000000000000e+00  .000000000000e+00  .100000000000e+01
  .000000000000e+00  .000000000000e+00  .000000000000e+00 -.100000000000e+01
  .500000000000e+00  .500000000000e+00  .500000000000e+00  .500000000000e+00
 -.500000000000e+00 -.500000000000e+00 -.500000000000e+00 -.500000000000e+00
  .500000000000e+00  .500000000000e+00  .500000000000e+00 -.500000000000e+00
 -.500000000000e+00 -.500000000000e+00 -.500000000000e+00  .500000000000e+00
  .500000000000e+00  .500000000000e+00 -.500000000000e+00  .500000000000e+00
 -.500000000000e+00 -.500000000000e+00  .500000000000e+00 -.500000000000e+00
  .500000000000e+00  .500000000000e+00 -.500000000000e+00 -.500000000000e+00
 -.500000000000e+00 -.500000000000e+00  .500000000000e+00  .500000000000e+00
  .500000000000e+00 -.500000000000e+00  .500000000000e+00  .500000000000e+00
 -.500000000000e+00  .500000000000e+00 -.500000000000e+00 -.500000000000e+00
  .500000000000e+00 -.500000000000e+00  .500000000000e+00 -.500000000000e+00
 -.500000000000e+00  .500000000000e+00 -.500000000000e+00  .500000000000e+00
  .500000000000e+00 -.500000000000e+00 -.500000000000e+00  .500000000000e+00
 -.500000000000e+00  .500000000000e+00  .500000000000e+00 -.500000000000e+00
  .500000000000e+00 -.500000000000e+00 -.500000000000e+00 -.500000000000e+00
 -.500000000000e+00  .500000000000e+00  .500000000000e+00  .500000000000e+00
  .000000000000e+00  .500000000000e+00  .309016994375e+00  .809016994375e+00
  .000000000000e+00 -.500000000000e+00 -.309016994375e+00 -.809016994375e+00
  .000000000000e+00  .500000000000e+00  .309016994375e+00 -.809016994375e+00
  .000000000000e+00 -.500000000000e+00 -.309016994375e+00  .809016994375e+00
  .000000000000e+00  .500000000000e+00 -.309016994375e+00  .809016994375e+00
  .000000000000e+00 -.500000000000e+00  .309016994375e+00 -.809016994375e+00
  .000000000000e+00  .500000000000e+00 -.309016994375e+00 -.809016994375e+00
  .000000000000e+00 -.500000000000e+00  .309016994375e+00  .809016994375e+00
  .000000000000e+00  .809016994375e+00  .500000000000e+00  .309016994375e+00
  .000000000000e+00 -.809016994375e+00 -.500000000000e+00 -.309016994375e+00
  .000000000000e+00 -.809016994375e+00  .500000000000e+00  .309016994375e+00
  .000000000000e+00  .809016994375e+00 -.500000000000e+00 -.309016994375e+00
  .000000000000e+00  .809016994375e+00  .500000000000e+00 -.309016994375e+00
  .000000000000e+00 -.809016994375e+00 -.500000000000e+00  .309016994375e+00
  .000000000000e+00 -.809016994375e+00  .500000000000e+00 -.309016994375e+00
  .000000000000e+00  .809016994375e+00 -.500000000000e+00  .309016994375e+00
  .000000000000e+00  .309016994375e+00  .809016994375e+00  .500000000000e+00
  .000000000000e+00 -.309016994375e+00 -.809016994375e+00 -.500000000000e+00
  .000000000000e+00  .309016994375e+00 -.809016994375e+00  .500000000000e+00
  .000000000000e+00 -.309016994375e+00  .809016994375e+00 -.500000000000e+00
  .000000000000e+00 -.309016994375e+00  .809016994375e+00  .500000000000e+00
  .000000000000e+00  .309016994375e+00 -.809016994375e+00 -.500000000000e+00
  .000000000000e+00 -.309016994375e+00 -.809016994375e+00  .500000000000e+00
  .000000000000e+00  .309016994375e+00  .809016994375e+00 -.500000000000e+00
  .500000000000e+00  .000000000000e+00  .809016994375e+00  .309016994375e+00
 -.500000000000e+00  .000000000000e+00 -.809016994375e+00 -.309016994375e+00
  .500000000000e+00  .000000000000e+00 -.809016994375e+00  .309016994375e+00
 -.500000000000e+00  .000000000000e+00  .809016994375e+00 -.309016994375e+00
  .500000000000e+00  .000000000000e+00  .809016994375e+00 -.309016994375e+00
 -.500000000000e+00  .000000000000e+00 -.809016994375e+00  .309016994375e+00
  .500000000000e+00  .000000000000e+00 -.809016994375e+00 -.309016994375e+00
 -.500000000000e+00  .000000000000e+00  .809016994375e+00  .309016994375e+00
  .809016994375e+00  .000000000000e+00  .309016994375e+00  .500000000000e+00
 -.809016994375e+00  .000000000000e+00 -.309016994375e+00 -.500000000000e+00
 -.809016994375e+00  .000000000000e+00  .309016994375e+00  .500000000000e+00
  .809016994375e+00  .000000000000e+00 -.309016994375e+00 -.500000000000e+00
  .809016994375e+00  .000000000000e+00 -.309016994375e+00  .500000000000e+00
 -.809016994375e+00  .000000000000e+00  .309016994375e+00 -.500000000000e+00
 -.809016994375e+00  .000000000000e+00 -.309016994375e+00  .500000000000e+00
  .809016994375e+00  .000000000000e+00  .309016994375e+00 -.500000000000e+00
  .309016994375e+00  .000000000000e+00  .500000000000e+00  .809016994375e+00
 -.309016994375e+00  .000000000000e+00 -.500000000000e+00 -.809016994375e+00
  .309016994375e+00  .000000000000e+00  .500000000000e+00 -.809016994375e+00
 -.309016994375e+00  .000000000000e+00 -.500000000000e+00  .809016994375e+00
 -.309016994375e+00  .000000000000e+00  .500000000000e+00  .809016994375e+00
  .309016994375e+00  .000000000000e+00 -.500000000000e+00 -.809016994375e+00
 -.309016994375e+00  .000000000000e+00  .500000000000e+00 -.809016994375e+00
  .309016994375e+00  .000000000000e+00 -.500000000000e+00  .809016994375e+00
  .309016994375e+00  .809016994375e+00  .000000000000e+00  .500000000000e+00
 -.309016994375e+00 -.809016994375e+00  .000000000000e+00 -.500000000000e+00
  .309016994375e+00 -.809016994375e+00  .000000000000e+00  .500000000000e+00
 -.309016994375e+00  .809016994375e+00  .000000000000e+00 -.500000000000e+00
 -.309016994375e+00  .809016994375e+00  .000000000000e+00  .500000000000e+00
  .309016994375e+00 -.809016994375e+00  .000000000000e+00 -.500000000000e+00
 -.309016994375e+00 -.809016994375e+00  .000000000000e+00  .500000000000e+00
  .309016994375e+00  .809016994375e+00  .000000000000e+00 -.500000000000e+00
  .500000000000e+00  .309016994375e+00  .000000000000e+00  .809016994375e+00
 -.500000000000e+00 -.309016994375e+00  .000000000000e+00 -.809016994375e+00
  .500000000000e+00  .309016994375e+00  .000000000000e+00 -.809016994375e+00
 -.500000000000e+00 -.309016994375e+00  .000000000000e+00  .809016994375e+00
  .500000000000e+00 -.309016994375e+00  .000000000000e+00  .809016994375e+00
 -.500000000000e+00  .309016994375e+00  .000000000000e+00 -.809016994375e+00
  .500000000000e+00 -.309016994375e+00  .000000000000e+00 -.809016994375e+00
 -.500000000000e+00  .309016994375e+00  .000000000000e+00  .809016994375e+00
  .809016994375e+00  .500000000000e+00  .000000000000e+00  .309016994375e+00
 -.809016994375e+00 -.500000000000e+00  .000000000000e+00 -.309016994375e+00
 -.809016994375e+00  .500000000000e+00  .000000000000e+00  .309016994375e+00
  .809016994375e+00 -.500000000000e+00  .000000000000e+00 -.309016994375e+00
  .809016994375e+00  .500000000000e+00  .000000000000e+00 -.309016994375e+00
 -.809016994375e+00 -.500000000000e+00  .000000000000e+00  .309016994375e+00
 -.809016994375e+00  .500000000000e+00  .000000000000e+00 -.309016994375e+00
  .809016994375e+00 -.500000000000e+00  .000000000000e+00  .309016994375e+00
  .809016994375e+00  .309016994375e+00  .500000000000e+00  .000000000000e+00
 -.809016994375e+00 -.309016994375e+00 -.500000000000e+00  .000000000000e+00
 -.809016994375e+00  .309016994375e+00  .500000000000e+00  .000000000000e+00
  .809016994375e+00 -.309016994375e+00 -.500000000000e+00  .000000000000e+00
  .809016994375e+00 -.309016994375e+00  .500000000000e+00  .000000000000e+00
 -.809016994375e+00  .309016994375e+00 -.500000000000e+00  .000000000000e+00
 -.809016994375e+00 -.309016994375e+00  .500000000000e+00  .000000000000e+00
  .809016994375e+00  .309016994375e+00 -.500000000000e+00  .000000000000e+00
  .309016994375e+00  .500000000000e+00  .809016994375e+00  .000000000000e+00
 -.309016994375e+00 -.500000000000e+00 -.809016994375e+00  .000000000000e+00
  .309016994375e+00  .500000000000e+00 -.809016994375e+00  .000000000000e+00
 -.309016994375e+00 -.500000000000e+00  .809016994375e+00  .000000000000e+00
 -.309016994375e+00  .500000000000e+00  .809016994375e+00  .000000000000e+00
  .309016994375e+00 -.500000000000e+00 -.809016994375e+00  .000000000000e+00
 -.309016994375e+00  .500000000000e+00 -.809016994375e+00  .000000000000e+00
  .309016994375e+00 -.500000000000e+00  .809016994375e+00  .000000000000e+00
  .500000000000e+00  .809016994375e+00  .309016994375e+00  .000000000000e+00
 -.500000000000e+00 -.809016994375e+00 -.309016994375e+00  .000000000000e+00
  .500000000000e+00 -.809016994375e+00  .309016994375e+00  .000000000000e+00
 -.500000000000e+00  .809016994375e+00 -.309016994375e+00  .000000000000e+00
  .500000000000e+00  .809016994375e+00 -.309016994375e+00  .000000000000e+00
 -.500000000000e+00 -.809016994375e+00  .309016994375e+00  .000000000000e+00
  .500000000000e+00 -.809016994375e+00 -.309016994375e+00  .000000000000e+00
 -.500000000000e+00  .809016994375e+00  .309016994375e+00  .000000000000e+00
